$ 1 4e-8 222.68277840103303 66 5 43 5e-11
194 -1472 -256 -1408 -256 0 false 0.00009999999999999999
L -1472 -256 -1616 -256 0 0 false 5 0
194 -1280 -256 -1184 -256 0 false 0.000001
w -1376 -256 -1328 -256 0
w -1328 -256 -1328 -192 0
w -1328 -192 -1312 -192 0
w -1328 -192 -1328 -64 0
w -1328 -64 -896 -64 0
w -1088 -208 -1088 -160 0
w -1088 -240 -1088 -256 0
w -1088 -288 -1088 -272 0
w -1088 -256 -976 -288 0
w -976 -304 -976 -288 0
w -1088 -272 -976 -240 0
w -976 -224 -976 -240 0
w -1184 -224 -1152 -224 0
w -1088 -320 -1152 -320 0
w -1152 -320 -1152 -224 0
w -1312 -160 -1312 -80 0
w -1312 -80 -112 -80 0
w -224 -288 -224 -272 0
w -224 -272 -112 -224 0
w -112 -224 -112 -208 0
w -112 -208 -112 -80 0
w -224 -224 -224 -240 0
w -224 -240 -112 -288 0
w -112 -304 -112 -288 0
w -224 -336 -224 -320 0
w -224 -192 -224 -160 0
w -336 -320 -336 -176 0
w -336 -144 -368 -144 0
w -336 -352 -368 -352 0
w -368 -304 -368 -352 0
w -368 -224 -368 -144 0
w -480 -240 -480 -256 0
w -480 -256 -368 -288 0
w -368 -304 -368 -288 0
w -480 -288 -480 -272 0
w -480 -272 -368 -240 0
w -368 -240 -368 -224 0
w -496 -320 -720 -320 0
w -720 -320 -720 -304 0
w -896 -64 -720 -64 0
w -720 -176 -720 -64 0
w -976 -304 -944 -304 0
w -944 -304 -944 -320 0
w -832 -320 -944 -320 0
w -832 -96 -832 -48 0
w -480 -208 -480 -176 0
w -496 -320 -480 -320 0
R -1552 -48 -1600 -48 1 2 50000 2.5 2.5 0 0.5
w -368 -112 -352 -112 0
w -352 -112 -352 -176 0
w -352 -176 -336 -176 0
w -768 192 80 192 0
M 512 -304 512 -272 0 2.5
M 368 176 416 112 0 2.5
151 -1088 -224 -976 -224 0 2 5 5
151 -1088 -304 -976 -304 0 2 0 5
151 -832 -304 -720 -304 0 2 5 5
151 -832 -208 -720 -208 0 2 0 5
151 -480 -304 -368 -304 0 2 0 5
151 -480 -224 -368 -224 0 2 5 5
151 -336 -336 -224 -336 0 2 5 5
151 -336 -160 -224 -160 0 2 5 5
151 -224 -304 -112 -304 0 2 0 5
151 -224 -208 -112 -208 0 2 5 5
w -1328 -256 -1280 -256 0
w -832 -288 -832 -192 0
w -1552 -48 -832 -48 0
w -832 -192 -832 -96 0
151 -1312 -176 -1200 -176 0 2 5 5
151 -1200 -160 -1088 -160 0 2 0 5
151 -720 -192 -592 -192 0 2 5 5
151 -592 -176 -480 -176 0 2 0 5
151 -944 -224 -832 -224 0 2 5 5
w -944 -304 -944 -240 0
151 -480 -112 -368 -112 0 2 0 5
w -480 -96 -832 -96 0
150 144 -32 240 -32 0 2 5 5
w -832 -48 144 -48 0
L -1520 96 -1568 96 0 0 false 24 0
R -1200 -144 -1216 -144 0 0 40 5 0 0 0.5
g -1312 128 -1312 144 0 0
r -1312 16 -1312 96 0 10000
R -1376 0 -1424 0 0 0 40 5 0 0 0.5
r -1520 96 -1408 96 0 4700
407 -1408 96 -1296 96 1
g -1408 128 -1408 144 0 0
x 471 -471 548 -468 4 24 Normal
x 457 -386 551 -383 4 24 OneShot
x 475 -320 545 -317 4 24 Armed
w 560 -144 560 -64 0
x 425 -180 479 -177 4 24 norm
w 496 -128 432 -128 0
w 32 -304 32 -16 0
S -1312 16 -1376 16 0 1 false 0 2
w -1312 96 -256 96 0
407 -1536 272 -1424 272 1
L -1760 272 -1808 272 0 1 false 24 0
r -1760 272 -1648 272 0 4700
g -1536 464 -1536 528 0 0
162 -1648 272 -1536 272 2 default-led 1 0 0 0.01
R -1392 176 -1440 176 0 0 40 5 0 0 0.5
r -1312 176 -1312 256 0 10000
150 240 176 368 176 0 2 0 5
w -1312 256 -1104 256 0
407 256 240 368 240 1
r 352 240 416 240 0 4700
L 560 240 640 240 0 1 false 24 0
M 560 272 544 288 0 2.5
g 640 592 640 656 0 0
151 80 240 192 240 0 2 5 5
R 80 256 64 256 0 0 40 5 0 0 0.5
r 192 240 256 240 0 4700
x -1447 -10 -1373 -7 4 24 remote
x -1443 54 -1394 57 4 24 local
150 160 -512 288 -512 0 2 0 5
I 80 -416 160 -416 0 0.5 5
x 400 182 472 185 4 24 Output
150 160 -432 288 -432 0 2 0 5
w 160 -416 160 -368 0
w -48 -528 -48 -336 0
150 160 -352 288 -352 0 2 0 5
w 64 -416 64 -240 0
w 208 -240 560 -240 0
w 160 -496 160 -448 0
w 208 -240 64 -240 0
w 288 -416 288 -352 0
x -1623 78 -1498 81 4 24 Remote\sOS
x -1838 254 -1726 257 4 24 Ext.\sInhibit
b 560 200 789 633 0
x 576 198 762 201 4 24 PLC\sConnections
152 288 -432 384 -432 0 3 0 5
w 80 -496 16 -496 0
w 48 -64 560 -64 0
w -48 -160 -48 16 0
w 160 -528 -48 -528 0
w 16 -496 16 0 0
w -256 96 16 96 0
w 560 -240 560 -144 0
S 560 -144 496 -144 0 1 false 0 2
w 80 192 240 192 0
w 1728 -432 1728 -368 0
x 439 -100 464 -97 4 24 os
g -1376 32 -1376 48 0 0
g 432 -128 432 -112 0 0
w 80 192 80 224 0
x -1656 252 -1539 255 4 24 Inhibit\sLED
I 80 -496 160 -496 0 0.5 5
w 80 -336 -48 -336 0
I 80 -160 160 -160 0 0.5 5
w -48 -336 -48 -160 0
w -48 -160 80 -160 0
w 288 -512 288 -448 0
I 384 -448 464 -448 0 0.5 5
w 384 -432 384 -448 0
I 80 -336 160 -336 0 0.5 5
w 80 -416 64 -416 0
152 48 -16 144 -16 0 3 5 5
R -480 -128 -496 -128 0 0 40 5 0 0 0.5
R -592 -160 -608 -160 0 0 40 5 0 0 0.5
R -944 -208 -960 -208 0 0 40 5 0 0 0.5
w -1312 16 -48 16 0
x 464 -634 548 -631 4 24 Remote
162 512 -608 560 -608 2 default-led 1 0 0 0.01
r 464 -608 512 -608 0 470
x 480 -552 537 -549 4 24 Local
I 384 -528 464 -528 0 0.5 5
w 32 -304 464 -304 0
r 464 -528 512 -528 0 470
162 512 -528 560 -528 2 default-led 1 0 0 0.01
r 464 -448 512 -448 0 470
162 512 -448 560 -448 2 default-led 1 0 0 0.01
r 464 -368 512 -368 0 470
162 512 -368 560 -368 2 default-led 1 0 0 0.01
r 464 -304 512 -304 0 470
162 512 -304 560 -304 2 default-led 1 0 0 0.01
w 384 -432 384 -368 0
w 464 -368 384 -368 0
w 560 -608 560 -528 0
w 560 -528 560 -448 0
w 560 -448 560 -368 0
w 560 -368 560 -304 0
g 560 -304 560 -288 0 0
w -48 -528 -48 -608 0
w 464 -608 384 -608 0
w 384 -608 384 -528 0
w -48 -608 384 -608 0
w 160 -160 496 -160 0
w 32 -304 -112 -304 0
w 240 -32 240 160 0
w 16 0 16 96 0
w 48 0 16 0 0
w 48 -16 32 -16 0
w 48 -64 48 -32 0
r 560 272 640 272 0 1000000
407 -1536 352 -1424 352 1
407 -1536 432 -1424 432 1
w -1440 272 -1392 272 0
w -1440 432 -1392 432 0
w -1392 272 -1312 272 0
w -1312 256 -1312 272 0
w -1440 304 -1440 384 0
w -1440 384 -1440 464 0
w -1536 304 -1536 384 0
x -1656 332 -1539 335 4 24 Inhibit\sLED
x -1838 334 -1726 337 4 24 Ext.\sInhibit
162 -1648 352 -1536 352 2 default-led 1 0 0 0.01
r -1760 352 -1648 352 0 4700
L -1760 352 -1808 352 0 1 false 24 0
x -1656 412 -1539 415 4 24 Inhibit\sLED
x -1838 414 -1726 417 4 24 Ext.\sInhibit
162 -1648 432 -1536 432 2 default-led 1 0 0 0.01
r -1760 432 -1648 432 0 4700
L -1760 432 -1808 432 0 1 false 24 0
w -1536 384 -1536 464 0
g -1440 464 -1440 528 0 0
r -1344 176 -1344 256 0 10000
r -1392 176 -1392 256 0 10000
w -1392 256 -1392 432 0
w -1440 352 -1344 352 0
w -1344 256 -1344 352 0
w -1392 176 -1344 176 0
w -1344 176 -1312 176 0
w -1344 352 -992 352 0
w -992 208 -992 352 0
w -1392 432 -880 432 0
w -880 224 -880 432 0
w -768 192 -768 208 0
r 176 352 224 352 0 4700
r 176 448 224 448 0 4700
r 176 544 224 544 0 4700
I 96 352 176 352 0 0.5 5
I 96 448 176 448 0 0.5 5
I 96 544 176 544 0 0.5 5
r 560 384 640 384 0 1000000
r 560 576 640 576 0 1000000
r 560 480 640 480 0 1000000
M 560 384 544 400 0 2.5
M 560 480 544 496 0 2.5
M 560 576 544 592 0 2.5
407 256 352 368 352 1
407 256 448 368 448 1
407 256 544 368 544 1
w 352 272 560 272 0
w 352 384 560 384 0
w 352 480 560 480 0
w 352 576 560 576 0
w 640 272 640 384 0
w 640 384 640 480 0
w 640 480 640 576 0
w 640 576 640 592 0
g 256 576 256 640 0 0
w 256 272 256 384 0
w 256 384 256 480 0
w 256 480 256 576 0
w 224 352 256 352 0
w 224 448 256 448 0
w 224 544 256 544 0
w 96 352 -672 352 0
w -992 176 -1104 176 0
w -1104 176 -1104 256 0
w -1104 256 -672 256 0
w -672 256 -672 352 0
w -992 352 -720 352 0
w -720 352 -720 448 0
w 96 448 -720 448 0
w -880 432 -800 432 0
w -800 432 -800 544 0
w 96 544 -800 544 0
w 560 240 416 240 0
w 352 240 352 352 0
w 352 352 352 448 0
w 352 448 352 544 0
150 -880 208 -768 208 0 2 0 5
150 -992 192 -880 192 0 2 0 5
o 1 64 0 4099 0.0000762939453125 0.00009765625 0 2 1 3
o 55 64 0 4098 0.0000762939453125 0.1 0 1
o 56 64 0 4098 5 0.1 0 1
o 50 64 0 4099 5 0.00009765625 0 2 50 3
